Feature_Index	Scan	Scan_Start	Scan_End	Scan_Aligned	NET	Monoisotopic_Mass	Monoisotopic_Mass_Calibrated	Abundance	Class_Rep_MZ	Class_Rep_Charge
0	2874	2859	2889	2874	0.2086	595.345	595.345	14560	596.3519897	1
1	2906	2895	2921	2906	0.2110	622.30875	622.30875	50920	623.3162231	1
2	2517	2490	2636	2517	0.1827	630.33435	630.33435	5.7189800E+06	631.3414917	1
3	2584	2562	2602	2584	0.1876	637.28285	637.28285	229670	638.289917	1
4	3349	3333	3368	3349	0.2431	645.3705	645.3705	715830	646.3776245	1
5	2997	2983	3014	2997	0.2176	652.39155	652.39155	131510	653.3983765	1
6	4477	4459	4483	4477	0.3250	656.34945	656.34945	1.0762000E+06	657.3566284	1
7	2900	2883	2921	2900	0.2105	656.3504	656.3504	206210	657.3577881	1
8	4675	4667	4683	4675	0.3394	656.3596	656.3596	341900	657.3668823	1
9	2830	2808	2898	2830	0.2054	656.3616	656.3616	267970	657.3687744	1
10	2476	2433	2484	2476	0.1797	659.3505	659.3505	288130	660.3599854	1
11	3862	3851	3874	3862	0.2804	672.3813	672.3813	432600	673.3886108	1
12	5200	5121	5240	5200	0.3775	673.4165	673.4165	2.2121000E+07	674.4238281	1
13	4160	4149	4163	4160	0.3020	675.38135	675.38135	414600	676.3886108	1
14	3829	3811	3848	3829	0.2780	679.391	679.391	2.8274000E+06	680.3980713	1
15	3513	3503	3519	3513	0.2550	687.3554	687.3554	304900	688.362915	1
16	3094	3077	3130	3094	0.2246	687.3715	687.3715	597410	688.3792725	1
17	4313	4292	4338	4313	0.3131	688.3663	688.3663	6.4510000E+06	689.3734741	1
18	2679	2662	2688	2679	0.1945	689.37185	689.37185	263150	690.380127	1
19	2906	2889	2938	2906	0.2110	693.3459	693.3459	616420	694.3530884	1
20	3195	3173	3240	3195	0.2319	695.3726	695.3726	969600	696.3795776	1
21	5453	5444	5456	5453	0.3959	698.4696	698.4696	268000	699.4769287	1
22	4277	4263	4310	4277	0.3105	701.3715	701.3715	2.5113000E+06	702.378418	1
23	3618	3604	3621	3618	0.2626	704.3646	704.3646	193900	705.3717041	1
24	3823	3811	3835	3823	0.2775	704.3898	704.3898	628100	705.3972168	1
25	4247	4228	4258	4247	0.3083	706.3402	706.3402	663200	707.3474731	1
26	4500	4480	4538	4500	0.3267	706.3685	706.3685	7.1480000E+06	707.3754272	1
27	2622	2613	2630	2622	0.1903	707.31755	707.31755	14690	708.324707	1
28	5404	5386	5415	5404	0.3923	709.3553	709.3553	458600	710.3626709	1
29	5200	5176	5218	5200	0.3775	709.3583	709.3583	1.1363000E+07	710.3656006	1
30	5173	5158	5209	5173	0.3755	711.3707	711.3707	5.5900000E+07	712.3778076	1
31	4396	4379	4403	4396	0.3191	734.3969	734.3969	282100	735.4038086	1
32	3714	3645	3714	3714	0.2696	734.481	734.481	657700	735.4873047	1
33	5191	5170	5223	5191	0.3768	735.4279	735.4279	1.5923800E+07	736.4353027	1
34	3113	3097	3139	3113	0.2260	738.3561	738.3561	744930	739.362793	1
35	6252	6226	6404	6252	0.4539	747.4289	747.4289	1.1897250E+08	748.4354858	1
36	4909	4897	4938	4909	0.3564	749.3614	749.3614	4.2898000E+06	750.3690796	1
37	2422	2420	2433	2422	0.1758	751.3519	751.3519	5722	752.3590088	1
38	3116	3113	3124	3116	0.2262	752.3353	752.3353	20290	753.3432007	1
39	2991	2975	2994	2991	0.2171	752.3718	752.3718	12720	753.3790283	1
40	5610	5595	5629	5610	0.4073	760.3971	760.3971	1.8348000E+06	761.4044189	1
41	3851	3848	3859	3851	0.2796	761.4805	761.4805	176600	762.4876099	1
42	5560	5532	5589	5560	0.4036	764.3975	764.3975	9.1448000E+06	765.4047241	1
43	6093	6059	6138	6093	0.4423	764.3977	764.3977	2.1287800E+07	765.4049072	1
44	5365	5365	5386	5365	0.3895	764.42605	764.42605	341300	765.4329834	1
45	6053	6050	6076	6053	0.4394	774.4651	774.4651	463600	775.4724121	1
46	5980	5962	6065	5980	0.4341	778.442	778.442	5.5513000E+07	779.4492798	1
47	3237	3217	3252	3237	0.2350	779.3831	779.3831	342180	780.3900146	1
48	2935	2921	2938	2935	0.2131	780.4033	780.4033	17740	781.4099731	1
49	4160	4137	4211	4160	0.3020	788.465	788.465	2.3448900E+07	789.472229	1
50	2613	2593	2688	2613	0.1897	789.4243	789.4243	994630	790.4317017	1
51	5049	5025	5087	5049	0.3665	794.4109	794.4109	3.7316000E+07	795.4174805	1
52	5313	5305	5316	5313	0.3857	794.4363	794.4363	868000	795.4436035	1
53	3811	3800	3838	3811	0.2767	797.3577	797.3577	1.9952000E+06	798.3651733	1
54	2724	2668	2871	2724	0.1977	800.3787	800.3787	127905	401.1965027	2
55	5968	5939	5993	5968	0.4332	800.4947	800.4947	3.5444000E+07	401.2544861	2
56	3516	3494	3534	3516	0.2552	802.38235	802.38235	959900	803.3897095	1
57	4301	4292	4319	4301	0.3122	804.4249	804.4249	1.0026000E+06	403.219696	2
58	4527	4512	4554	4527	0.3286	805.4087	805.4087	5.2306000E+06	806.4163818	1
59	4242	4219	4310	4242	0.3079	805.4086	805.4086	1.7350200E+07	403.7114868	2
60	3307	3289	3333	3307	0.2401	805.4707	805.4707	637960	403.7424927	2
61	5631	5617	5731	5631	0.4088	806.40825	806.40825	1.5106000E+06	404.2112122	2
62	4327	4327	4347	4327	0.3141	810.4251	810.4251	123900	811.4326172	1
63	3403	3371	3435	3403	0.2470	812.43975	812.43975	5.2976000E+06	407.2269897	2
64	4280	4269	4298	4280	0.3107	814.4562	814.4562	648400	815.4633789	1
65	2915	2900	2958	2915	0.2116	817.4193	817.4193	498480	409.716095	2
66	2895	2886	2912	2895	0.2102	821.3967	821.3967	223370	411.7054138	2
67	3732	3717	3754	3732	0.2709	821.4402	821.4402	1.2415900E+07	411.7273865	2
68	3281	3258	3304	3281	0.2382	828.4349	828.4349	901060	415.2247009	2
69	3050	3027	3104	3050	0.2214	836.3675	836.3675	827900	419.1907959	2
70	4759	4733	4870	4759	0.3455	836.469	836.469	2.4804040E+08	419.2416992	2
71	4203	4192	4214	4203	0.3051	838.4919	838.4919	1.1609000E+06	420.2532043	2
72	5438	5404	5456	5438	0.3948	839.5233	839.5233	7.7473000E+06	420.7688904	2
73	6176	6170	6199	6176	0.4483	840.414	840.414	1.4278000E+06	841.4213867	1
74	4609	4545	4658	4609	0.3346	841.5025	841.5025	2.6407700E+07	421.7585144	2
75	5135	5115	5147	5135	0.3728	842.4862	842.4862	1.0707500E+07	422.2503052	2
76	3184	3170	3232	3184	0.2311	844.4564	844.4564	240210	423.2356873	2
77	3751	3732	3859	3751	0.2723	846.4969	846.4969	1.5030000E+07	424.2557068	2
78	4771	4759	4786	4771	0.3464	851.40265	851.40265	1.9522000E+06	852.4100952	1
79	4783	4777	4889	4783	0.3472	852.4642	852.4642	1.9087000E+06	427.239502	2
80	4624	4603	4704	4624	0.3357	855.5183	855.5183	6.9820000E+06	856.5302734	1
81	2947	2889	3014	2947	0.2139	855.5186	855.5186	485010	428.7663879	2
82	4543	4541	4562	4543	0.3298	860.4143	860.4143	890500	431.2145081	2
83	4815	4780	4955	4815	0.3495	867.4717	867.4717	1.4207740E+08	434.743103	2
84	4924	4886	4963	4924	0.3575	868.4447	868.4447	2.2561600E+07	435.2294922	2
85	4477	4459	4500	4477	0.3250	868.5019	868.5019	1.1868200E+07	435.2582092	2
86	5704	5681	5729	5704	0.4141	869.41925	869.41925	1.6567000E+07	435.7167969	2
87	5614	5595	5623	5614	0.4075	873.4813	873.4813	1.0016000E+06	874.4885864	1
88	5343	5327	5365	5343	0.3879	877.5027	877.5027	3.0323000E+06	439.7585144	2
89	4995	4989	5031	4995	0.3626	881.45035	881.45035	1.9009000E+06	882.4584961	1
90	4858	4836	4886	4858	0.3527	881.4511	881.4511	480100	441.7327881	2
91	5278	5245	5294	5278	0.3832	887.55965	887.55965	6.7499000E+06	444.7871094	2
92	4600	4557	4618	4600	0.3339	892.4085	892.4085	6.8339000E+06	447.2114868	2
93	4316	4301	4353	4316	0.3133	899.3785	899.3785	5.6706000E+06	450.6961975	2
94	5132	5090	5278	5132	0.3726	902.5592	902.5592	1.4778850E+08	452.286499	2
95	6214	6179	6305	6214	0.4511	903.46135	903.46135	4.0155100E+07	452.7376099	2
96	5729	5687	5799	5729	0.4159	903.461	903.461	4.7159200E+07	452.7374878	2
97	5313	5282	5412	5313	0.3857	906.5366	906.5366	7.2139300E+07	454.2753906	2
98	7777	7732	7782	7777	0.5646	907.4854	907.4854	579900	908.4926758	1
99	5634	5629	5644	5634	0.4090	912.4575	912.4575	590400	457.2358093	2
100	3273	3267	3281	3273	0.2376	912.46745	912.46745	69330	913.4752197	1
101	3513	3482	3584	3513	0.2550	915.4666	915.4666	4.0302070E+07	458.7402954	2
102	4074	4053	4110	4074	0.2958	915.478	915.478	7.5755000E+06	458.7460938	2
103	4574	4557	4591	4574	0.3321	917.4612	917.4612	4.9722000E+06	459.7384033	2
104	3033	3017	3050	3033	0.2202	918.4932	918.4932	80230	460.2538147	2
105	5456	5427	5480	5456	0.3961	918.5542	918.5542	2.8565600E+07	460.2843018	2
106	4930	4883	4941	4930	0.3579	919.4556	919.4556	1.0989000E+06	460.7349854	2
107	5212	5132	5459	5212	0.3784	920.49835	920.49835	4.7588910E+08	461.2561951	2
108	4396	4379	4419	4396	0.3191	921.4815	921.4815	1.9705000E+06	461.7478943	2
109	3033	3022	3048	3033	0.2202	922.536	922.536	65340	462.2750854	2
110	5164	5141	5203	5164	0.3749	926.4863	926.4863	4.7264000E+07	927.4937134	1
111	2696	2682	2699	2696	0.1957	927.45365	927.45365	20640	464.7340088	2
112	2932	2912	2956	2932	0.2128	927.4897	927.4897	203960	464.7520142	2
113	4497	4465	4574	4497	0.3265	932.5367	932.5367	3.3003330E+08	933.5432739	1
114	5278	5263	5288	5278	0.3832	934.5143	934.5143	703900	468.2645874	2
115	2991	2975	3011	2991	0.2171	935.4947	935.4947	189920	468.7546082	2
116	4902	4880	4972	4902	0.3559	940.4659	940.4659	1.4328790E+08	471.2398071	2
117	4924	4912	4963	4924	0.3575	941.5552	941.5552	3.6214000E+06	471.78479	2
118	3423	3400	3452	3423	0.2485	944.4546	944.4546	1.4831700E+06	473.234314	2
119	3705	3695	3720	3705	0.2690	946.466	946.466	2.2641000E+06	474.2402039	2
120	5927	5927	5936	5927	0.4303	950.4728	950.4728	452700	951.479126	1
121	2283	2260	2343	2283	0.1657	955.4735	955.4735	59334	478.7434082	2
122	3555	3540	3569	3555	0.2581	956.5774	956.5774	357500	479.29599	2
123	6568	6559	6587	6568	0.4768	959.4677	959.4677	1.0237000E+06	960.4749146	1
124	3417	3406	3444	3417	0.2481	960.4494	960.4494	156820	481.2319946	2
125	6601	6585	6622	6601	0.4792	963.5287	963.5287	4.7159000E+06	482.7715149	2
126	6509	6489	6520	6509	0.4725	966.48245	966.48245	584200	967.4899902	1
127	3843	3826	3902	3843	0.2790	966.5868	966.5868	1.3333600E+07	484.300293	2
128	5610	5584	5656	5610	0.4073	972.5496	972.5496	1.0151530E+08	487.2817993	2
129	5786	5770	5805	5786	0.4200	976.53475	976.53475	7.5677000E+06	489.2745056	2
130	4190	4163	4237	4190	0.3042	978.4777	978.4777	7.5697000E+06	490.2459106	2
131	5007	4992	5031	5007	0.3635	980.5191	980.5191	1.5298000E+06	981.5275269	1
132	3056	3045	3080	3056	0.2219	987.5613	987.5613	128230	494.7876892	2
133	5546	5520	5589	5546	0.4026	988.481	988.481	2.7156700E+07	495.2474976	2
134	5854	5808	5906	5854	0.4250	993.5768	993.5768	3.6400400E+07	497.7955933	2
135	2806	2802	2816	2806	0.2037	999.5003	999.5003	6847	500.7572937	2
136	7619	7607	7637	7619	0.5531	999.5263	999.5263	496000	500.7703857	2
137	3805	3788	3832	3805	0.2762	1001.5038	1001.5038	3.0975000E+06	501.7590942	2
138	4969	4944	5072	4969	0.3607	1001.5767	1001.5767	3.9673200E+07	501.7955933	2
139	4984	4984	4984	4984	0.3618	1001.59395	1001.59395	1.6950000E+06	1002.605896	1
140	3276	3246	3327	3276	0.2378	1011.536	1011.536	4.0237700E+06	506.7749023	2
141	6701	6681	6741	6701	0.4865	1013.6129	1013.6129	2.6820100E+07	507.8136902	2
142	6784	6746	6835	6784	0.4925	1024.5506	1024.5506	4.4850200E+07	513.2824707	2
143	3940	3874	4059	3940	0.2860	1029.5248	1029.5248	1.1962190E+08	515.7692261	2
144	3940	3921	3952	3940	0.2860	1032.5348	1032.5348	1.4347000E+06	517.2739868	2
145	4518	4497	4806	4518	0.3280	1032.572	1032.572	1.3506140E+08	517.2932739	2
146	4551	4541	4560	4551	0.3304	1032.5918	1032.5918	1.2514000E+06	517.3031006	2
147	5386	5371	5415	5386	0.3910	1033.5819	1033.5819	4.0440000E+06	517.7979736	2
148	3840	3811	3868	3840	0.2788	1044.557	1044.557	2.4596000E+06	523.2857056	2
149	5953	5933	5965	5953	0.4322	1045.5352	1045.5352	1.5037000E+06	523.7750854	2
150	3751	3732	3769	3751	0.2723	1046.5879	1046.5879	4.5509000E+06	524.3012695	2
151	3202	3192	3217	3202	0.2325	1050.5725	1050.5725	123030	526.2935181	2
152	3435	3417	3450	3435	0.2494	1052.5623	1052.5623	139710	527.2883301	2
153	6179	6149	6237	6179	0.4486	1052.5665	1052.5665	5.8197200E+07	527.2902222	2
154	5578	5552	5653	5578	0.4049	1059.5181	1059.5181	3.6441700E+07	530.7659912	2
155	5475	5444	5805	5475	0.3975	1059.562	1059.562	4.8506900E+08	530.7883301	2
156	4448	4433	4459	4448	0.3229	1060.6326	1060.6326	271600	531.3236084	2
157	3601	3569	3624	3601	0.2614	1063.56715	1063.56715	3.1405000E+06	532.7910767	2
158	3083	3074	3107	3083	0.2238	1063.5906	1063.5906	44330	532.8024902	2
159	4258	4250	4263	4258	0.3091	1064.4687	1064.4687	136500	533.7432861	2
160	5450	5427	5467	5450	0.3956	1064.5762	1064.5762	7.5168000E+06	533.2952271	2
161	4258	4242	4274	4258	0.3091	1066.4838	1066.4838	7.3900000E+06	534.2490234	2
162	6537	6498	6565	6537	0.4746	1066.5248	1066.5248	1.0626900E+07	534.2697144	2
163	4624	4574	4739	4624	0.3357	1069.6498	1069.6498	2.9970720E+08	535.8323975	2
164	4376	4358	4391	4376	0.3177	1069.6507	1069.6507	280700	535.8325195	2
165	7503	7486	7535	7503	0.5447	1070.6036	1070.6036	914500	536.309082	2
166	5313	5282	5340	5313	0.3857	1071.5359	1071.5359	1.7597400E+07	536.7749023	2
167	6568	6565	6590	6568	0.4768	1072.55365	1072.55365	867300	1073.557861	1
168	4118	4104	4129	4118	0.2989	1080.5459	1080.5459	454700	541.2800293	2
169	5687	5662	5750	5687	0.4128	1082.51555	1082.51555	3.9549800E+07	542.2648926	2
170	5647	5636	5662	5647	0.4099	1082.5405	1082.5405	920200	1083.547729	1
171	4944	4935	4953	4944	0.3589	1082.5879	1082.5879	400000	542.3012695	2
172	4551	4541	4571	4551	0.3304	1084.6032	1084.6032	1.8227000E+06	543.3087158	2
173	3531	3488	3642	3531	0.2563	1085.5545	1085.5545	1.0619080E+07	543.7843018	2
174	5578	5560	5607	5578	0.4049	1091.5082	1091.5082	1.2258000E+06	546.7614136	2
175	6053	6030	6084	6053	0.4394	1091.624	1091.624	9.0425000E+06	546.8190918	2
176	3042	3027	3050	3042	0.2208	1095.4999	1095.4999	26920	548.7573242	2
177	5234	5209	5278	5234	0.3800	1096.498	1096.498	3.2793400E+07	549.2562256	2
178	7266	7250	7278	7266	0.5275	1097.524	1097.524	434100	1098.530029	1
179	4211	4203	4228	4211	0.3057	1098.4991	1098.4991	355800	1099.505859	1
180	5234	5231	5242	5234	0.3800	1098.50315	1098.50315	745000	1099.509521	1
181	5226	5200	5260	5226	0.3794	1098.5463	1098.5463	1.1816000E+07	550.2802734	2
182	4358	4341	4391	4358	0.3164	1106.5841	1106.5841	2.9452000E+06	554.2993164	2
183	6906	6897	6915	6906	0.5013	1108.5098	1108.5098	258500	555.2620239	2
184	4541	4532	4560	4541	0.3297	1108.6146	1108.6146	1.2464000E+06	555.3145752	2
185	4655	4557	4742	4655	0.3379	1116.55695	1116.55695	2.0421700E+07	559.2858887	2
186	7961	7947	7961	7961	0.5779	1120.52085	1120.52085	174100	1121.528564	1
187	5357	5334	5392	5357	0.3889	1121.5724	1121.5724	1.0584400E+07	561.793396	2
188	3360	3338	3388	3360	0.2439	1130.4675	1130.4675	2.3072900E+06	566.2407837	2
189	3851	3838	3862	3851	0.2796	1140.52195	1140.52195	285100	571.2681885	2
190	6300	6275	6419	6300	0.4574	1141.7083	1141.7083	4.0791200E+07	571.8616943	2
191	3871	3854	3880	3871	0.2810	1142.6305	1142.6305	498300	572.3223877	2
192	3964	3946	4104	3964	0.2878	1143.6142	1143.6142	4.9657000E+06	572.8145142	2
193	6492	6454	6526	6492	0.4713	1144.55615	1144.55615	1.5742700E+07	573.2852783	2
194	3447	3435	3467	3447	0.2502	1144.60995	1144.60995	317600	573.3120728	2
195	5334	5334	5354	5334	0.3872	1161.67635	1161.67635	618800	581.8457031	2
196	5931	5909	5968	5931	0.4306	1162.6238	1162.6238	5.4054000E+07	582.3189697	2
197	5701	5687	5727	5701	0.4139	1165.626	1165.626	2.5096000E+06	583.8201904	2
198	5990	5956	6114	5990	0.4348	1167.616	1167.616	1.8101230E+08	584.8148804	2
199	8212	8201	8215	8212	0.5962	1183.5902	1183.5902	190400	1184.597534	1
200	3223	3214	3232	3223	0.2340	1192.5969	1192.5969	27820	597.3051758	2
201	5007	4978	5110	5007	0.3635	1192.671	1192.671	1.6308860E+08	597.3425293	2
202	6155	6133	6289	6155	0.4468	1199.646	1199.646	1.5545100E+08	600.8300171	2
203	6570	6556	6593	6570	0.4770	1200.61155	1200.61155	2.2581000E+06	1201.615967	1
204	6344	6329	6356	6344	0.4605	1200.6308	1200.6308	535400	601.3226929	2
205	4140	4129	4154	4140	0.3005	1212.5246	1212.5246	661000	607.2694092	2
206	4433	4412	4456	4433	0.3218	1212.6988	1212.6988	2.8610000E+06	607.3566895	2
207	5656	5563	5668	5656	0.4106	1215.64095	1215.64095	2.1462000E+06	608.8278198	2
208	4683	4667	4719	4683	0.3400	1217.6441	1217.6441	1.4428000E+06	609.8292847	2
209	4543	4530	4571	4543	0.3298	1217.64415	1217.64415	5.6135000E+06	609.8292847	2
210	5828	5795	5924	5828	0.4231	1222.6254	1222.6254	1.1398980E+08	612.3198242	2
211	4013	3996	4030	4013	0.2913	1224.6104	1224.6104	1.3983000E+06	613.3123779	2
212	5704	5678	5742	5704	0.4141	1228.632	1228.632	2.5987000E+06	615.3231201	2
213	5383	5371	5407	5383	0.3908	1228.6673	1228.6673	1.6862000E+06	615.3413086	2
214	4701	4695	4719	4701	0.3413	1232.5436	1232.5436	540400	617.2792969	2
215	3913	3902	3918	3913	0.2841	1233.6404	1233.6404	164000	617.8267822	2
216	3838	3829	3851	3838	0.2786	1243.617	1243.617	497800	622.8165283	2
217	3845	3826	3845	3845	0.2791	1243.63445	1243.63445	61200	622.8261108	2
218	4074	4062	4092	4074	0.2958	1244.5786	1244.5786	502200	623.2965088	2
219	6093	6084	6102	6093	0.4423	1245.7283	1245.7283	319400	623.8718872	2
220	4624	4594	4701	4624	0.3357	1248.61445	1248.61445	3.8532400E+07	625.3165894	2
221	5357	5332	5424	5357	0.3889	1249.631	1249.631	2.0908300E+07	625.8225098	2
222	5883	5792	5927	5883	0.4271	1251.6523	1251.6523	3.5718300E+07	626.8339233	2
223	4211	4178	4253	4211	0.3057	1256.6429	1256.6429	6.3109000E+06	629.3287964	2
224	5549	5527	5578	5549	0.4028	1261.5872	1261.5872	7.8880000E+06	631.8010254	2
225	4704	4667	4745	4704	0.3415	1262.6987	1262.6987	1.2362300E+07	632.357605	2
226	5950	5915	5977	5950	0.4319	1264.6105	1264.6105	5.1437300E+07	633.3123169	2
227	5799	5762	5886	5799	0.4210	1264.7048	1264.7048	1.2147500E+07	633.3596191	2
228	4137	4123	4157	4137	0.3003	1267.5517	1267.5517	1.3874000E+06	634.7830811	2
229	4689	4683	4695	4689	0.3404	1268.601	1268.601	271400	635.3084106	2
230	4585	4562	4678	4585	0.3328	1270.656	1270.656	9.9123800E+07	636.335022	2
231	5497	5475	5522	5497	0.3991	1276.66665	1276.66665	5.2980000E+06	639.3405762	2
232	4329	4322	4364	4329	0.3143	1290.74675	1290.74675	780400	646.3807983	2
233	6658	6634	7169	6658	0.4833	1295.6787	1295.6787	2.8310240E+08	648.8463745	2
234	5665	5641	5707	5665	0.4113	1295.7109	1295.7109	2.8478700E+07	648.8634033	2
235	4826	4794	4858	4826	0.3503	1298.616	1298.616	1.7006600E+07	650.3154907	2
236	3907	3880	3927	3907	0.2836	1304.6732	1304.6732	1.2742800E+07	653.3435059	2
237	5110	5083	5135	5110	0.3710	1304.7089	1304.7089	3.5621700E+07	653.3615723	2
238	6300	6283	6338	6300	0.4574	1305.6941	1305.6941	2.3420400E+06	653.8560791	2
239	4417	4364	4459	4417	0.3207	1310.6475	1310.6475	9.3887000E+06	656.3308105	2
240	4471	4322	4471	4471	0.3246	1314.612	1314.612	776500	658.3126831	2
241	7269	7261	7284	7269	0.5277	1315.7362	1315.7362	193500	658.8753052	2
242	6235	6226	6246	6235	0.4526	1328.82595	1328.82595	953000	665.4202881	2
243	6446	6425	6463	6446	0.4679	1329.677	1329.677	779700	665.8460083	2
244	4839	4800	4897	4839	0.3513	1336.6994	1336.6994	1.0900800E+07	669.3568726	2
245	5064	5046	5087	5064	0.3676	1340.662	1340.662	1.2222200E+07	671.3383179	2
246	6879	6842	8412	6879	0.4994	1344.7323	1344.7323	8.2667900E+07	673.3734741	2
247	4873	4849	4900	4873	0.3538	1345.6916	1345.6916	1.2867800E+07	673.8530273	2
248	7929	7823	8330	7929	0.5756	1353.7791	1353.7791	1.1498400E+07	677.8969727	2
249	6147	6120	6232	6147	0.4462	1354.668	1354.668	3.2199600E+07	678.3414917	2
250	4953	4927	4987	4953	0.3596	1356.7617	1356.7617	4.4840400E+07	679.3875732	2
251	5750	5722	6117	5750	0.4174	1357.67435	1357.67435	3.2804100E+07	679.8446045	2
252	6936	6909	6987	6936	0.5035	1357.67505	1357.67505	520000	679.8446045	2
253	6314	6214	6526	6314	0.4584	1357.6746	1357.6746	4.3096000E+06	679.8450928	2
254	6117	6084	6138	6117	0.4441	1359.7523	1359.7523	1.4990400E+07	680.883606	2
255	6882	6850	6930	6882	0.4996	1360.7152	1360.7152	2.5044700E+07	681.364624	2
256	6065	6045	6081	6065	0.4403	1360.737	1360.737	3.4260000E+06	681.3762207	2
257	6261	6249	6280	6261	0.4545	1360.7375	1360.7375	923000	681.3760986	2
258	4280	4260	4304	4280	0.3107	1368.6883	1368.6883	264900	685.3510742	2
259	4286	4203	4462	4286	0.3111	1368.7371	1368.7371	1.4577260E+08	685.3751831	2
260	3883	3868	3891	3883	0.2819	1371.6577	1371.6577	284400	686.8361816	2
261	4543	4532	4571	4543	0.3298	1373.74565	1373.74565	1.7480000E+06	687.880188	2
262	6885	6867	6912	6885	0.4998	1374.695	1374.695	1.2549000E+06	688.3546143	2
263	4310	4301	4327	4310	0.3129	1374.7169	1374.7169	1.6699000E+06	688.3657227	2
264	5110	5090	5127	5110	0.3710	1377.726	1377.726	5.2820000E+06	689.8704224	2
265	7468	7468	7497	7468	0.5421	1377.79685	1377.79685	115300	689.9036255	2
266	7447	7417	8215	7447	0.5406	1377.8364	1377.8364	1.9291120E+08	689.9246826	2
267	7497	7468	7497	7497	0.5442	1377.8629	1377.8629	1.4080000E+06	689.9387207	2
268	6689	6681	6698	6689	0.4856	1379.6456	1379.6456	918000	690.8297729	2
269	5383	5332	5456	5383	0.3908	1385.7428	1385.7428	5.6711000E+06	693.8790894	2
270	5343	5324	5398	5343	0.3879	1388.6693	1388.6693	2.3849000E+07	695.3416138	2
271	5058	5037	5061	5058	0.3672	1389.6533	1389.6533	1.0267000E+06	695.8339844	2
272	4958	4932	4981	4958	0.3599	1389.7631	1389.7631	3.4978000E+06	695.8884888	2
273	8201	8198	8209	8201	0.5954	1393.6803	1393.6803	99500	698.348999	2
274	8206	8168	8688	8206	0.5957	1393.7268	1393.7268	3.9550460E+07	697.8696289	2
275	7741	7708	7777	7741	0.5620	1398.68715	1398.68715	9.6526000E+06	700.3508301	2
276	5644	5569	5729	5644	0.4097	1406.7204	1406.7204	6.0920300E+07	704.3670044	2
277	6102	6084	6114	6102	0.4430	1412.7642	1412.7642	1.0646000E+06	707.3895874	2
278	4742	4706	4786	4742	0.3442	1415.7152	1415.7152	2.1563700E+07	708.8649902	2
279	5595	5586	5607	5595	0.4062	1423.7768	1423.7768	574900	712.8956909	2
280	4527	4494	4571	4527	0.3286	1424.6324	1424.6324	5.9747600E+07	713.3237305	2
281	5918	5883	6111	5918	0.4296	1425.7744	1425.7744	1.8947900E+07	713.8944092	2
282	6362	6326	6474	6362	0.4619	1425.7749	1425.7749	1.0507000E+06	713.8944702	2
283	4987	4963	5004	4987	0.3620	1427.68095	1427.68095	6.7870000E+06	714.8474731	2
284	6105	6067	6404	6105	0.4432	1432.7706	1432.7706	1.7376100E+07	717.3925781	2
285	6147	6117	6199	6147	0.4462	1433.78955	1433.78955	3.0838300E+07	717.9025879	2
286	5811	5792	5814	5811	0.4219	1433.7893	1433.7893	1.7029000E+06	717.9017944	2
287	3113	3099	3156	3113	0.2260	1435.6755	1435.6755	651100	718.8449707	2
288	7844	7486	7873	7844	0.5694	1438.80685	1438.80685	5.5766000E+06	720.4104004	2
289	6593	6590	6607	6593	0.4786	1439.7318	1439.7318	758300	720.8728027	2
290	6199	6158	6240	6199	0.4500	1441.6891	1441.6891	2.3753600E+07	721.8521729	2
291	6903	6891	6930	6903	0.5011	1445.70585	1445.70585	526100	723.8596802	2
292	7565	7524	8322	7565	0.5492	1445.7936	1445.7936	1.8529400E+07	723.9038086	2
293	4582	4562	4730	4582	0.3326	1453.8775	1453.8775	1.5560000E+07	485.6333008	3
294	4211	4187	4258	4211	0.3057	1455.66355	1455.66355	1.7310200E+07	728.8388062	2
295	4574	4548	4600	4574	0.3321	1456.7165	1456.7165	1.1304300E+07	729.3665161	2
296	7568	7553	7637	7568	0.5494	1461.7881	1461.7881	703300	731.9014282	2
297	5282	5263	5302	5282	0.3834	1465.6366	1465.6366	8.1196000E+06	733.8256226	2
298	6803	6784	6859	6803	0.4939	1467.7626	1467.7626	6.1970000E+06	734.8886108	2
299	8660	8660	8691	8660	0.6287	1472.8083	1472.8083	53400	737.4111938	2
300	8660	8529	8808	8660	0.6287	1472.853	1472.853	2.6720060E+07	737.4381714	2
301	8660	8660	8691	8660	0.6287	1472.8912	1472.8912	47400	1473.899658	1
302	7823	7811	7831	7823	0.5679	1478.6882	1478.6882	244000	740.8530884	2
303	6669	6648	6996	6669	0.4841	1478.7899	1478.7899	3.7790300E+07	740.4052734	2
304	7098	7092	7298	7098	0.5153	1478.7901	1478.7901	619200	740.4016113	2
305	8805	8805	8893	8805	0.6392	1478.7919	1478.7919	141830	740.4041138	2
306	8568	8478	8588	8568	0.6220	1478.7912	1478.7912	125620	740.4025879	2
307	6526	6500	6543	6526	0.4738	1479.7738	1479.7738	2.2164000E+06	740.8939209	2
308	3726	3711	3735	3726	0.2705	1485.70045	1485.70045	3.3990000E+06	743.8574829	2
309	6045	6018	6114	6045	0.4388	1486.8275	1486.8275	3.5718100E+07	744.4205933	2
310	5296	5282	5316	5296	0.3845	1487.8366	1487.8366	6.8116000E+06	744.9257202	2
311	6781	6758	6806	6781	0.4923	1488.7644	1488.7644	4.8139000E+06	745.3895874	2
312	7215	7198	7227	7215	0.5238	1495.65375	1495.65375	736800	748.8344727	2
313	7275	7258	7298	7275	0.5281	1495.7158	1495.7158	1.1015000E+06	748.8649902	2
314	4172	4172	4192	4172	0.3029	1501.60665	1501.60665	115900	751.8103027	2
315	4165	4137	4465	4165	0.3024	1501.6636	1501.6636	8.1567700E+07	751.8389893	2
316	7074	7046	7961	7074	0.5135	1505.9315	1505.9315	8.3363000E+07	753.97229	2
317	7157	7157	7157	7157	0.5196	1505.9546	1505.9546	4.5800000E+06	502.9898987	3
318	3964	3940	4002	3964	0.2878	1506.6892	1506.6892	1.9164900E+07	754.3519897	2
319	3984	3984	3984	3984	0.2892	1506.7199	1506.7199	146600	754.3693237	2
320	5389	5371	5407	5389	0.3912	1510.837	1510.837	1.0036000E+06	756.4257813	2
321	6579	6378	6698	6579	0.4776	1526.8063	1526.8063	2.1518980E+08	764.40979	2
322	6823	6817	6829	6823	0.4953	1526.8072	1526.8072	266000	764.4108887	2
323	6079	6070	6093	6079	0.4413	1526.8072	1526.8072	459100	764.4107056	2
324	5944	5898	5944	5944	0.4315	1527.7902	1527.7902	9.9620000E+06	764.9014893	2
325	3698	3660	3888	3698	0.2685	1532.8513	1532.8513	1.0353200E+07	511.9576111	3
326	5087	5061	5121	5087	0.3693	1535.6854	1535.6854	6.6827300E+07	768.8499756	2
327	5854	5845	5866	5854	0.4250	1536.62865	1536.62865	1.4860000E+06	769.3214722	2
328	6437	6425	6489	6437	0.4673	1536.752	1536.752	714000	769.3834839	2
329	6520	6500	6523	6520	0.4733	1536.79615	1536.79615	312300	769.9064941	2
330	5275	5269	5278	5275	0.3829	1545.888	1545.888	251700	773.9509888	2
331	6378	6332	6390	6378	0.4630	1549.76455	1549.76455	5.7584000E+06	775.890625	2
332	7765	7698	7876	7765	0.5637	1549.79845	1549.79845	5.8768900E+07	775.9057007	2
333	5191	5161	5226	5191	0.3768	1554.7144	1554.7144	2.3541000E+07	778.364624	2
334	6395	6350	6549	6395	0.4642	1561.8848	1561.8848	1.6179200E+07	521.635376	3
335	5753	5737	5848	5753	0.4176	1561.8842	1561.8842	4.2160900E+07	521.635376	3
336	5713	5707	5729	5713	0.4147	1563.85825	1563.85825	607500	783.4376221	2
337	8526	8496	8895	8526	0.6189	1565.7873	1565.7873	6.6089500E+06	783.9006958	2
338	6885	6864	6947	6885	0.4998	1565.7938	1565.7938	1.9693000E+06	783.9041748	2
339	7304	7275	7327	7304	0.5302	1565.7944	1565.7944	553000	783.9046021	2
340	7970	7926	8606	7970	0.5786	1566.73905	1566.73905	3.2193800E+07	784.3764038	2
341	6434	6395	6483	6434	0.4671	1570.8734	1570.8734	1.1232500E+07	786.4434814	2
342	3283	3276	3292	3283	0.2383	1572.69765	1572.69765	100710	787.3560181	2
343	6105	6090	6114	6105	0.4432	1574.7822	1574.7822	930900	788.3984985	2
344	5629	5612	5641	5629	0.4086	1578.7396	1578.7396	2.5124000E+06	790.3782959	2
345	7232	7189	7321	7232	0.5250	1579.8265	1579.8265	4.4495100E+07	790.9199829	2
346	5321	5299	5444	5321	0.3863	1580.71505	1580.71505	1.7514900E+07	791.364624	2
347	5968	5947	6105	5968	0.4332	1580.812	1580.812	3.5101000E+07	791.4127808	2
348	4113	4042	4154	4113	0.2986	1583.759	1583.759	2.4737400E+07	792.8862915	2
349	4753	4730	4777	4753	0.3450	1583.7804	1583.7804	8.1736000E+06	792.8973999	2
350	3461	3432	3491	3461	0.2513	1591.7758	1591.7758	484070	531.5993042	3
351	5077	5061	5101	5077	0.3686	1593.7323	1593.7323	8.8585000E+06	797.873291	2
352	6359	6353	6376	6359	0.4616	1597.8014	1597.8014	298600	799.9074707	2
353	5389	5354	5453	5389	0.3912	1600.72785	1600.72785	1.7455000E+06	801.3704834	2
354	5575	5558	5598	5575	0.4047	1600.7279	1600.7279	651100	801.371521	2
355	3636	3624	3675	3636	0.2640	1601.7111	1601.7111	2.7495000E+07	801.8632202	2
356	4806	4794	4815	4806	0.3489	1603.8	1603.8	1.4549000E+06	802.9072876	2
357	5087	5055	5147	5087	0.3693	1605.8483	1605.8483	4.4620600E+07	803.9317017	2
358	5248	5248	5450	5248	0.3810	1605.84875	1605.84875	2.6849000E+06	803.9318848	2
359	10900	10697	11526	10900	0.7913	1605.8529	1605.8529	482290	803.9334717	2
360	7468	7444	7494	7468	0.5421	1606.78345	1606.78345	8.8638000E+06	804.4050903	2
361	6540	6509	6565	6540	0.4748	1608.86385	1608.86385	2.2247300E+07	805.4387207	2
362	6300	6292	6314	6300	0.4574	1609.849	1609.849	445900	805.9343872	2
363	5831	5797	5924	5831	0.4233	1614.8741	1614.8741	1.3195100E+08	808.4439697	2
364	6891	6856	6982	6891	0.5003	1623.8101	1623.8101	1.9637000E+07	812.9141846	2
365	4930	4921	4944	4930	0.3579	1631.7925	1631.7925	1.1672000E+06	816.9030151	2
366	6669	6625	6669	6669	0.4841	1632.77015	1632.77015	1.3347000E+06	817.3964844	2
367	5254	5231	5282	5254	0.3814	1634.7682	1634.7682	3.4139400E+07	818.3914185	2
368	5319	5269	5441	5319	0.3861	1638.9317	1638.9317	9.5809100E+07	820.4776001	2
369	5417	5371	5450	5417	0.3932	1639.7606	1639.7606	1.0835700E+07	820.8875732	2
370	7503	7486	7509	7503	0.5447	1644.7923	1644.7923	261400	823.4036865	2
371	6520	6492	6549	6520	0.4733	1645.8882	1645.8882	7.4045000E+06	823.9512939	2
372	5203	5179	5212	5203	0.3777	1655.9265	1655.9265	3.1160000E+06	828.9699097	2
373	4704	4670	4704	4704	0.3415	1656.7899	1656.7899	1.2058000E+06	829.4036865	2
374	4864	4852	4878	4864	0.3531	1656.7898	1656.7898	761300	829.9033813	2
375	4680	4680	4680	4680	0.3397	1656.8185	1656.8185	230000	829.4177856	2
376	7266	7266	7292	7266	0.5275	1657.77865	1657.77865	194300	829.895813	2
377	6350	6341	6362	6350	0.4610	1657.7792	1657.7792	191200	829.897522	2
378	5294	5269	5430	5294	0.3843	1660.8473	1660.8473	4.8154800E+07	831.430481	2
379	6292	6267	6370	6292	0.4568	1662.7761	1662.7761	3.1652100E+07	832.3947754	2
380	6743	6713	6806	6743	0.4895	1665.842	1665.842	6.8114000E+06	833.9290771	2
381	6619	6587	7321	6619	0.4805	1668.9372	1668.9372	1.1302080E+08	835.4752197	2
382	9575	9564	9687	9575	0.6951	1668.93925	1668.93925	206790	835.9788818	2
383	9873	9834	9909	9873	0.7167	1668.9389	1668.9389	88560	835.4761963	2
384	9383	9371	9398	9383	0.6812	1668.93925	1668.93925	60750	835.9793091	2
385	3788	3775	3899	3788	0.2750	1671.7645	1671.7645	5.1315000E+06	836.8894043	2
386	3845	3826	3845	3845	0.2791	1671.79365	1671.79365	110400	836.9069824	2
387	6466	6370	6469	6466	0.4694	1675.8772	1675.8772	420300	839.4473267	2
388	5959	5939	5983	5959	0.4326	1677.8584	1677.8584	1.9309200E+07	839.9362793	2
389	6217	6208	6223	6217	0.4513	1684.9312	1684.9312	299000	843.4729004	2
390	5762	5737	5805	5762	0.4183	1686.8336	1686.8336	5.9658200E+07	844.4235229	2
391	6656	6625	6732	6656	0.4832	1688.8803	1688.8803	5.3572400E+07	845.4475708	2
392	5386	5377	5398	5386	0.3910	1693.81155	1693.81155	383000	847.9130249	2
393	4225	4211	4245	4225	0.3067	1696.8873	1696.8873	762800	849.9520874	2
394	4033	4005	4065	4033	0.2928	1697.8021	1697.8021	1.5497800E+07	849.9078979	2
395	4975	4950	5040	4975	0.3612	1702.83965	1702.83965	6.0953900E+07	852.4265137	2
396	5947	5947	5962	5947	0.4317	1708.9071	1708.9071	1.3025000E+06	570.6425171	3
397	4742	4714	4756	4742	0.3442	1713.8113	1713.8113	8.1061000E+06	857.9130249	2
398	3558	3435	3666	3558	0.2583	1714.7711	1714.7711	9.9032900E+06	858.3928223	2
399	4861	4820	4892	4861	0.3529	1714.8897	1714.8897	2.6497200E+07	858.4519043	2
400	4847	4847	4847	4847	0.3519	1714.9198	1714.9198	871000	858.4694824	2
401	3689	3675	3695	3689	0.2678	1715.75455	1715.75455	505000	858.8850708	2
402	3494	3467	3508	3494	0.2536	1715.7549	1715.7549	890000	858.8848877	2
403	3494	3482	3494	3494	0.2536	1731.7496	1731.7496	104020	578.2570801	3
404	3156	3145	3159	3156	0.2291	1731.7509	1731.7509	47630	866.8826904	2
405	4400	4385	4422	4400	0.3194	1731.896	1731.896	1.9369000E+06	578.3057861	3
406	7121	7098	7145	7121	0.5170	1733.7773	1733.7773	1.9105000E+06	868.3973999	2
407	6378	6323	6378	6378	0.4630	1737.7358	1737.7358	4.1572000E+06	870.3782959	2
408	3569	3528	3604	3569	0.2591	1737.7865	1737.7865	7.8431000E+06	580.2692871	3
409	7625	7577	7634	7625	0.5535	1741.8911	1741.8911	257400	871.9522095	2
410	7160	7127	7330	7160	0.5198	1741.89105	1741.89105	1.5649500E+07	871.9525146	2
411	5508	5485	5538	5508	0.3999	1756.85385	1756.85385	8.6921000E+06	879.4337769	2
412	6716	6689	6743	6716	0.4875	1756.8549	1756.8549	7.6129000E+06	879.4346924	2
413	7820	7809	7831	7820	0.5677	1757.8769	1757.8769	404800	879.9453735	2
414	6283	6275	6289	6283	0.4561	1757.9007	1757.9007	399800	879.9581299	2
415	4683	4667	4692	4683	0.3400	1759.886	1759.886	1.3249000E+06	880.9500732	2
416	4680	4680	4680	4680	0.3397	1759.91905	1759.91905	268000	587.6450806	3
417	4400	4394	4403	4400	0.3194	1760.87045	1760.87045	153700	587.9641113	3
418	6758	6743	7318	6758	0.4906	1762.798	1762.798	5.4860000E+07	882.4061279	2
419	6243	6220	6280	6243	0.4532	1764.96605	1764.96605	7.3587000E+06	883.9918213	2
420	5229	5200	5251	5229	0.3796	1767.8543	1767.8543	9.5230000E+06	885.4359131	2
421	4134	4047	4143	4134	0.3001	1772.8931	1772.8931	2.1459600E+07	887.4603271	2
422	7655	7631	7676	7655	0.5557	1775.107	1775.107	2.6517000E+06	888.5620728	2
423	6062	6050	6081	6062	0.4401	1776.7837	1776.7837	1.3436000E+06	889.3991089	2
424	7655	7601	7729	7655	0.5557	1777.0739	1777.0739	2.3696900E+07	889.5449829	2
425	7935	7911	8013	7935	0.5760	1777.0746	1777.0746	5.8690000E+06	889.5443115	2
426	7944	7944	7944	7944	0.5767	1777.0981	1777.0981	4.1400000E+06	889.5581055	2
427	6529	6509	6553	6529	0.4740	1786.72905	1786.72905	4.8795000E+06	894.873291	2
428	5778	5778	5792	5778	0.4195	1786.9225	1786.9225	289200	894.9708862	2
429	6223	6199	6232	6223	0.4518	1793.8108	1793.8108	1.4903000E+06	897.9119873	2
430	6246	6226	6286	6246	0.4534	1793.873	1793.873	1.5855700E+07	897.9442139	2
431	6226	6187	6283	6226	0.4520	1800.017	1800.017	2.6639500E+07	901.5170898	2
432	7250	7241	7272	7250	0.5263	1807.83465	1807.83465	937900	905.4266968	2
433	7435	7408	7441	7435	0.5397	1807.85275	1807.85275	2.0104000E+06	904.9332886	2
434	6446	6440	6454	6446	0.4679	1807.8514	1807.8514	133800	904.9329834	2
435	7797	7794	7817	7797	0.5660	1808.04495	1808.04495	356100	905.5314941	2
436	7890	7873	7890	7890	0.5728	1812.8847	1812.8847	2.7730000E+06	907.4486084	2
437	7885	7756	8195	7885	0.5724	1814.8987	1814.8987	1.2919220E+08	908.4572754	2
438	8056	8044	8068	8056	0.5848	1815.8782	1815.8782	121100	909.4486084	2
439	5144	5135	5158	5144	0.3734	1823.0577	1823.0577	1.7310000E+06	912.5361938	2
440	5552	5546	5563	5552	0.4030	1823.9613	1823.9613	467800	913.4890137	2
441	3927	3904	3978	3927	0.2851	1825.8967	1825.8967	1.5872300E+07	609.6395874	3
442	6378	6359	6378	6378	0.4630	1828.93865	1828.93865	175500	915.4785767	2
443	6551	6537	6559	6551	0.4756	1829.8539	1829.8539	1.1440000E+06	915.9337769	2
444	7258	7244	7344	7258	0.5269	1830.8935	1830.8935	2.0092000E+06	916.4534302	2
445	7562	7544	7577	7562	0.5490	1830.8932	1830.8932	616600	916.4534912	2
446	7882	7870	7902	7882	0.5722	1836.8818	1836.8818	507900	919.447998	2
447	6350	6326	6373	6350	0.4610	1839.9178	1839.9178	1.2279000E+06	920.9666138	2
448	4364	4316	4571	4364	0.3168	1852.956	1852.956	1.8293100E+07	618.6591797	3
449	6970	6939	7008	6970	0.5060	1852.95965	1852.95965	1.8900400E+07	927.9879761	2
450	7049	7020	7074	7049	0.5117	1857.9613	1857.9613	1.2734300E+07	930.4890747	2
451	8826	8826	8852	8826	0.6407	1871.9718	1871.9718	81970	936.9926758	2
452	6378	6359	6387	6378	0.4630	1874.9422	1874.9422	530800	938.4805298	2
453	6190	6187	6202	6190	0.4494	1878.77985	1878.77985	657800	940.3961182	2
454	9572	9383	11818	9572	0.6949	1884.0203	1884.0203	1.1731817E+08	943.5258179	2
455	9690	9690	9690	9690	0.7034	1884.0214	1884.0214	1.0420000E+07	629.3483276	3
456	10403	10403	10403	10403	0.7552	1884.0289	1884.0289	3.0200000E+06	629.3505859	3
457	10254	10254	10254	10254	0.7444	1884.03865	1884.03865	1.2520000E+06	629.3530884	3
458	10691	10691	10709	10691	0.7761	1884.06855	1884.06855	43900	943.5426025	2
459	11016	10959	11016	11016	0.7997	1884.0875	1884.0875	111000	943.5507202	2
460	5915	5877	5939	5915	0.4294	1885.8981	1885.8981	2.2927000E+07	943.9562988	2
461	7350	7324	7370	7350	0.5336	1887.9241	1887.9241	4.3062000E+06	944.9692993	2
462	6147	6120	6223	6147	0.4462	1889.0032	1889.0032	4.1877600E+07	630.6749268	3
463	6184	6184	6184	6184	0.4489	1889.0493	1889.0493	2.1540000E+06	946.0361938	2
464	7049	7037	7057	7049	0.5117	1889.9523	1889.9523	472800	946.4852295	2
465	9035	9002	9159	9035	0.6559	1889.9738	1889.9738	3.1965400E+06	946.4954834	2
466	7218	7201	7227	7218	0.5240	1890.937	1890.937	493400	946.4763184	2
467	6081	6056	6081	6081	0.4415	1927.9575	1927.9575	756300	643.6625977	3
468	5883	5845	5953	5883	0.4271	1936.0111	1936.0111	8.5090500E+07	646.678894	3
469	6472	6454	6486	6472	0.4698	1954.96725	1954.96725	966300	978.491272	2
470	6081	6065	6090	6081	0.4415	1962.03525	1962.03525	1.0632000E+06	982.5341797	2
471	6900	6885	6936	6900	0.5009	1981.0558	1981.0558	1.2866000E+06	992.0377197	2
472	6446	6443	6451	6446	0.4679	1993.0445	1993.0445	123100	998.0314941	2
473	9425	9020	9746	9425	0.6842	2006.1267	2006.1267	3.6681100E+06	670.0527954	3
474	8319	8271	8330	8319	0.6039	2008.9496	2008.9496	1.2027000E+07	1005.983582	2
475	4398	4382	4417	4398	0.3193	2016.9164	2016.9164	838650	1009.966919	2
476	6398	6390	6419	6398	0.4645	2017.0086	2017.0086	255700	1009.51123	2
477	8298	8286	8316	8298	0.6024	2023.9366	2023.9366	210800	1013.476685	2
478	6613	6598	6642	6613	0.4801	2029.066	2029.066	2.8824000E+06	677.6967773	3
479	6030	5993	6114	6030	0.4377	2033.08195	2033.08195	7.6836200E+07	1018.049805	2
480	6517	6498	6543	6517	0.4731	2036.9574	2036.9574	2.9139000E+06	1019.987488	2
481	7405	7338	7532	7405	0.5376	2044.0237	2044.0237	2.4097100E+07	1023.521301	2
482	5543	5527	5552	5543	0.4024	2048.0434	2048.0434	544900	1025.529541	2
483	4301	4301	4313	4301	0.3122	2057.1047	2057.1047	282500	1029.559448	2
484	3940	3924	3949	3940	0.2860	2059.0497	2059.0497	1.7114000E+06	687.6917725	3
485	5742	5716	5792	5742	0.4168	2090.12855	2090.12855	2.8532000E+07	698.0505981	3
486	10611	10472	10870	10611	0.7703	2091.00925	2091.00925	3.6623700E+06	698.3438721	3
487	10739	10730	10753	10739	0.7796	2092.0114	2092.0114	37680	698.3444214	3
488	6814	6811	6820	6814	0.4947	2115.0558	2115.0558	199200	706.3602295	3
489	5578	5578	5595	5578	0.4049	2117.01975	2117.01975	380100	707.0148926	3
490	7169	7142	7195	7169	0.5204	2117.1345	2117.1345	3.9255000E+06	1060.07605	2
491	5480	5464	5532	5480	0.3978	2119.1232	2119.1232	5.6181000E+06	707.3817139	3
492	8996	8996	9017	8996	0.6531	2122.0494	2122.0494	61500	1062.533325	2
493	5064	5055	5067	5064	0.3676	2135.0731	2135.0731	334400	1068.543579	2
494	7978	7947	8180	7978	0.5792	2137.0444	2137.0444	6.4308100E+07	1070.029053	2
495	5742	5734	5747	5742	0.4168	2140.9846	2140.9846	1.0693000E+06	715.0037842	3
496	5450	5438	5456	5450	0.3956	2148.018	2148.018	707200	1075.517578	2
497	5866	5840	5906	5866	0.4258	2149.0492	2149.0492	6.2239000E+07	1076.032959	2
498	6081	6050	6096	6081	0.4415	2149.0703	2149.0703	6.5952000E+06	717.7006836	3
499	7130	7110	7154	7130	0.5176	2155.14645	2155.14645	1.7706000E+06	1079.08252	2
500	6413	6395	6463	6413	0.4656	2158.1883	2158.1883	7.2713000E+06	720.7459717	3
501	7057	6970	7195	7057	0.5123	2183.1085	2183.1085	2.4249300E+07	729.0444946	3
502	6918	6903	6979	6918	0.5022	2185.02825	2185.02825	1.9981000E+06	729.684021	3
503	7367	7289	7405	7367	0.5348	2197.2129	2197.2129	1.3751680E+08	733.7468872	3
504	9156	9135	9165	9156	0.6647	2198.09935	2198.09935	300750	1100.056885	2
505	6081	6059	6087	6081	0.4415	2201.1594	2201.1594	1.3285000E+06	735.0656738	3
506	6613	6593	6648	6613	0.4801	2202.0728	2202.0728	5.5325000E+06	1102.544556	2
507	6081	6059	6096	6081	0.4415	2210.1011	2210.1011	2.4800000E+06	1106.568481	2
508	7535	7512	7559	7535	0.5470	2211.22955	2211.22955	1.3669000E+06	738.4174805	3
509	6689	6661	6718	6689	0.4856	2212.1043	2212.1043	3.5238000E+07	738.7094727	3
510	6803	6803	6829	6803	0.4939	2213.0896	2213.0896	745500	1108.052368	2
511	8574	8535	8620	8574	0.6224	2217.095	2217.095	2.8547600E+06	1110.056152	2
512	6252	6240	6277	6252	0.4539	2242.28955	2242.28955	3.0044000E+06	1122.65332	2
513	6102	6093	6120	6102	0.4430	2248.1275	2248.1275	1.5550000E+06	750.7172241	3
514	8239	8227	8257	8239	0.5981	2252.0267	2252.0267	424900	1127.521851	2
515	8233	8134	8907	8233	0.5977	2252.1536	2252.1536	1.0026463E+08	1127.584351	2
516	8660	8660	8724	8660	0.6287	2252.1942	2252.1942	71200	1127.602905	2
517	6170	6167	6187	6170	0.4479	2252.213	2252.213	1.4350000E+06	1127.61499	2
518	5629	5604	5690	5629	0.4086	2264.1933	2264.1933	4.2146900E+07	756.072876	3
519	7169	7136	7399	7169	0.5204	2275.0501	2275.0501	1.4422300E+07	1139.033325	2
520	7524	7515	7637	7524	0.5462	2275.0508	2275.0508	475900	1139.033447	2
521	7014	6976	7177	7014	0.5092	2280.1772	2280.1772	4.8130200E+07	1141.595947	2
522	7682	7679	7696	7682	0.5577	2281.12635	2281.12635	608100	571.5394897	4
523	7051	7051	7139	7051	0.5119	2281.1621	2281.1621	3.3647000E+06	1142.094849	2
524	6500	6486	6514	6500	0.4719	2281.1618	2281.1618	1.0534000E+06	1142.091187	2
525	7664	7664	7664	7664	0.5564	2283.0778	2283.0778	81300	762.3712158	3
526	7676	7625	7844	7676	0.5572	2283.142	2283.142	9.6765700E+07	1143.078247	2
527	7166	7154	7192	7166	0.5202	2290.0345	2290.0345	402400	1146.024414	2
528	6844	6820	6844	6844	0.4968	2299.1367	2299.1367	839600	767.7210083	3
529	6622	6607	6628	6622	0.4807	2299.1357	2299.1357	570300	767.7194824	3
530	7204	7174	7241	7204	0.5230	2306.0985	2306.0985	1.3873000E+06	1154.558228	2
531	7361	7324	7643	7361	0.5344	2306.1437	2306.1437	2.6639300E+07	1154.581543	2
532	7350	7327	7350	7350	0.5336	2311.2053	2311.2053	430500	1157.111206	2
533	7432	7393	7521	7432	0.5395	2312.2549	2312.2549	4.6020900E+07	1157.636475	2
534	7829	7809	7860	7829	0.5683	2313.2405	2313.2405	968200	772.4221802	3
535	5380	5371	5398	5380	0.3906	2315.1639	2315.1639	418400	773.0629272	3
536	7040	7029	7074	7040	0.5111	2317.1977	2317.1977	2.2765000E+06	773.7410889	3
537	5665	5636	5716	5665	0.4113	2317.27725	2317.27725	4.8005700E+07	773.7683716	3
538	7361	7361	7399	7361	0.5344	2320.1233	2320.1233	247600	1161.572266	2
539	7272	7264	7286	7272	0.5279	2322.1379	2322.1379	262000	1162.576538	2
540	3800	3780	3817	3800	0.2759	2322.9169	2322.9169	1.1877000E+06	775.3128052	3
541	7304	7269	7336	7304	0.5302	2325.2728	2325.2728	9.9791000E+06	776.4324951	3
542	11001	10962	11466	11001	0.7986	2337.1433	2337.1433	1.0580800E+06	1170.081055	2
543	6472	6448	6483	6472	0.4698	2338.1329	2338.1329	764800	1170.574707	2
544	7250	7201	7313	7250	0.5263	2353.3152	2353.3152	1.3945400E+07	785.7802124	3
545	4512	4503	4532	4512	0.3275	2357.1708	2357.1708	2.4640000E+06	1179.592041	2
546	6540	6520	6565	6540	0.4748	2368.2059	2368.2059	8.8870000E+06	790.7432861	3
547	7741	7720	7759	7741	0.5620	2379.1819	2379.1819	1.1889000E+06	794.4022217	3
548	6164	6161	6179	6164	0.4475	2398.28525	2398.28525	1.3750000E+06	800.7700195	3
549	6155	6144	6181	6155	0.4468	2399.2912	2399.2912	4.0070000E+06	801.1054077	3
550	6289	6275	6289	6289	0.4566	2410.2068	2410.2068	303100	1206.612061	2
551	5834	5817	5834	5834	0.4235	2445.2528	2445.2528	1.2910000E+06	816.4257813	3
552	5687	5665	5719	5687	0.4128	2447.18835	2447.18835	1.0055200E+07	1225.101929	2
553	8993	8919	11013	8993	0.6528	2459.3163	2459.3163	1.0389834E+08	1231.170532	2
554	9690	9690	9690	9690	0.7034	2459.3201	2459.3201	2.2000000E+06	1231.169189	2
555	10403	10403	10403	10403	0.7552	2459.33415	2459.33415	876000	1231.177979	2
556	9749	9749	9810	9749	0.7077	2459.3613	2459.3613	77660	1231.190796	2
557	10254	10254	10254	10254	0.7444	2459.3508	2459.3508	238000	1230.682251	2
558	8993	8881	9323	8993	0.6528	2465.2398	2465.2398	2.9720400E+07	823.0891113	3
559	8881	8872	8881	8881	0.6447	2466.2315	2466.2315	50860	1234.625366	2
560	7862	7850	7862	7862	0.5707	2469.2826	2469.2826	124900	1236.150513	2
561	5191	5173	5212	5191	0.3768	2475.2131	2475.2131	3.9880000E+06	826.4121094	3
562	5324	5316	5330	5324	0.3865	2487.2532	2487.2532	845000	830.4251099	3
563	8424	8400	8424	8424	0.6115	2499.18255	2499.18255	189000	1251.099121	2
564	8913	8881	8990	8913	0.6470	2499.3434	2499.3434	2.7264500E+06	1251.180542	2
565	10149	10056	10212	10149	0.7368	2500.3521	2500.3521	340270	1251.685303	2
566	8113	8074	8215	8113	0.5890	2506.2644	2506.2644	1.0528200E+07	836.7630005	3
567	5028	5013	5037	5028	0.3650	2510.1389	2510.1389	1.1902000E+06	838.0546875	3
568	8397	8368	8626	8397	0.6096	2516.3702	2516.3702	9.8484500E+06	1259.692749	2
569	8394	8394	8415	8394	0.6094	2516.4469	2516.4469	395000	1259.729492	2
570	6838	6811	6976	6838	0.4964	2521.2287	2521.2287	4.5992000E+06	841.7514038	3
571	6466	6448	6492	6466	0.4694	2537.2242	2537.2242	211500	847.0822754	3
572	8056	8037	8056	8056	0.5848	2546.3732	2546.3732	63000	850.1322021	3
573	7195	7174	7304	7195	0.5223	2583.1578	2583.1578	301900	862.3930054	3
574	8080	8019	8316	8080	0.5866	2633.3689	2633.3689	2.1780000E+06	879.1356812	3
575	9365	9326	9425	9365	0.6799	2643.4208	2643.4208	2.1068300E+06	882.4802856	3
576	9189	9180	9222	9189	0.6671	2720.3606	2720.3606	245800	908.4625854	3
577	9425	8709	9813	9425	0.6842	2722.3705	2722.3705	1.8437420E+07	908.8024292	3
578	8511	8490	8550	8511	0.6179	2722.3713	2722.3713	912510	908.7982788	3
579	9690	9690	9690	9690	0.7034	2722.376	2722.376	921000	908.7996826	3
580	9286	9286	9286	9286	0.6741	2722.39485	2722.39485	4.1200000E+06	908.8043823	3
581	8796	8796	8814	8796	0.6385	2722.4045	2722.4045	1.5940000E+07	908.8046875	3
582	9749	9749	9749	9749	0.7077	2722.40405	2722.40405	49300	908.8099976	3
583	9572	9572	9572	9572	0.6949	2722.4172	2722.4172	131600	908.8101807	3
584	9192	9168	9222	9192	0.6673	2723.40985	2723.40985	753500	909.1439819	3
585	5371	5352	5386	5371	0.3899	2733.30235	2733.30235	1.6664000E+06	912.4421997	3
586	8755	8735	8775	8755	0.6356	2737.35845	2737.35845	85990	914.126709	3
587	8383	8380	8403	8383	0.6086	2738.36565	2738.36565	216100	914.1296997	3
588	8743	8735	8758	8743	0.6347	2738.36245	2738.36245	62220	914.1287231	3
589	8195	8147	8215	8195	0.5949	2738.36435	2738.36435	1.8423000E+06	914.128479	3
590	8606	8591	8615	8606	0.6248	2738.3675	2738.3675	117800	914.130127	3
591	9183	9168	9263	9183	0.6666	2738.3658	2738.3658	565600	914.1306152	3
592	8814	8758	8814	8814	0.6399	2739.4035	2739.4035	179060	914.8165283	3
593	6814	6814	6835	6814	0.4947	2743.3262	2743.3262	272000	915.7835083	3
594	7580	7580	7595	7580	0.5503	2752.3054	2752.3054	121200	918.7756958	3
595	8080	7986	8180	8080	0.5866	2754.3591	2754.3591	3.8122000E+06	919.4663086	3
596	9434	9395	9443	9434	0.6849	2762.40535	2762.40535	141410	922.477417	3
597	9693	9657	9705	9693	0.7037	2762.408	2762.408	63660	922.144104	3
598	8204	8192	8215	8204	0.5956	2787.4556	2787.4556	577300	930.4932861	3
599	8448	8439	8478	8448	0.6133	2794.397	2794.397	324850	932.807312	3
600	7049	7031	7060	7049	0.5117	2801.4526	2801.4526	940500	935.492981	3
601	7241	7221	7256	7241	0.5257	2802.34385	2802.34385	841000	935.4556885	3
602	6639	6616	6648	6639	0.4820	2813.3581	2813.3581	1.1027000E+06	939.1275024	3
603	5828	5808	5851	5828	0.4231	2837.50345	2837.50345	9.7962000E+06	947.1762695	3
604	7580	7553	7616	7580	0.5503	2845.3651	2845.3651	337600	949.7965698	3
605	7136	7113	7198	7136	0.5180	2846.414	2846.414	4.5982000E+06	950.1463013	3
606	10158	10128	10163	10158	0.7374	2846.4673	2846.4673	111790	1424.741699	2
607	8344	8333	8371	8344	0.6057	2848.453	2848.453	594100	475.7497864	6
608	8356	8341	8356	8356	0.6066	2848.4884	2848.4884	155500	475.7553101	6
609	8347	8307	9135	8347	0.6060	2851.4764	2851.4764	9.1513790E+07	951.8322754	3
610	9672	9648	9693	9672	0.7021	2851.4802	2851.4802	42360	951.835022	3
611	9398	9371	9410	9398	0.6823	2851.4792	2851.4792	87290	951.8344727	3
612	8660	8660	8691	8660	0.6287	2851.5249	2851.5249	47500	952.1865234	3
613	8796	8796	8814	8796	0.6385	2851.5302	2851.5302	230200	952.1820068	3
614	8415	8394	8415	8415	0.6109	2851.59165	2851.59165	102400	951.8717041	3
615	8080	8050	8092	8080	0.5866	2852.46	2852.46	438200	952.1677856	3
616	8177	8162	8186	8177	0.5936	2855.4003	2855.4003	159300	953.1411133	3
617	7224	7195	7261	7224	0.5244	2858.4368	2858.4368	869200	954.1541138	3
618	4565	4551	4571	4565	0.3314	2860.1432	2860.1432	339200	954.7224731	3
619	8107	8059	8174	8107	0.5885	2867.4706	2867.4706	867700	957.4995117	3
620	8356	8316	8406	8356	0.6066	2867.4722	2867.4722	1.3899000E+06	957.1657715	3
621	7040	7002	7066	7040	0.5111	2876.4285	2876.4285	1.4887000E+06	960.1511841	3
622	8353	8322	8391	8353	0.6064	2883.46735	2883.46735	2.2412000E+06	962.4979858	3
623	6422	6392	6454	6422	0.4662	2902.5326	2902.5326	1.0185000E+06	968.8530884	3
624	8356	8327	8368	8356	0.6066	2904.3914	2904.3914	684000	969.4719238	3
625	6743	6724	6792	6743	0.4895	2932.4515	2932.4515	2.4434500E+07	978.8261719	3
626	8110	8086	8122	8110	0.5887	2942.4665	2942.4665	215400	982.4979858	3
627	5953	5947	5959	5953	0.4322	2942.4698	2942.4698	506000	982.1640015	3
628	6332	6308	6350	6332	0.4597	2977.3305	2977.3305	770300	993.7838135	3
629	8140	8013	8159	8140	0.5909	3014.4552	3014.4552	400300	1006.158875	3
630	6568	6551	6610	6568	0.4768	3053.6151	3053.6151	2.6120000E+07	1019.211609	3
631	6764	6749	6787	6764	0.4910	3058.4786	3058.4786	2.2115000E+06	1020.834106	3
632	6784	6784	6814	6784	0.4925	3061.5313	3061.5313	748000	1021.853516	3
633	6741	6616	6754	6741	0.4894	3088.55195	3088.55195	4.8830000E+06	1030.857544	3
634	7759	7732	7762	7759	0.5633	3099.597	3099.597	439500	1034.540649	3
635	6039	6030	6056	6039	0.4384	3104.5466	3104.5466	745600	1036.191162	3
636	5690	5676	5701	5690	0.4131	3107.5879	3107.5879	1.4290000E+06	1037.204956	3
637	7553	7532	7568	7553	0.5483	3111.535	3111.535	453500	1038.519531	3
638	7527	7518	7559	7527	0.5464	3120.538	3120.538	787300	1041.520752	3
639	8083	8050	8134	8083	0.5868	3121.6221	3121.6221	1.7338000E+06	1041.882446	3
640	6850	6820	6962	6850	0.4973	3146.6164	3146.6164	4.7513900E+07	1050.212524	3
641	7797	7762	7952	7797	0.5660	3152.6028	3152.6028	2.0088200E+07	1052.208252	3
642	7729	7701	7747	7729	0.5611	3153.5884	3153.5884	1.3065000E+06	1052.537842	3
643	7232	7215	7241	7232	0.5250	3159.6575	3159.6575	1.0018000E+06	1054.560425	3
644	7253	7247	7286	7253	0.5265	3168.60045	3168.60045	997800	1057.541748	3
645	8031	8019	8050	8031	0.5830	3197.6443	3197.6443	300300	1067.556763	3
646	6856	6838	6864	6856	0.4977	3199.52665	3199.52665	827400	1067.85022	3
647	8858	8837	8864	8858	0.6430	3206.5811	3206.5811	98650	1070.536255	3
648	5077	5074	5095	5077	0.3686	3211.69905	3211.69905	987000	1071.906738	3
649	5834	5808	5851	5834	0.4235	3229.74905	3229.74905	7.2070000E+06	1078.258301	3
650	5765	5750	5775	5765	0.4185	3248.71935	3248.71935	1.2399000E+06	1084.24707	3
651	9425	9088	10602	9425	0.6842	3265.6685	3265.6685	5.0989900E+06	1090.237793	3
652	9690	9690	9690	9690	0.7034	3265.67485	3265.67485	788000	1089.900024	3
653	10403	10403	10403	10403	0.7552	3265.68895	3265.68895	458000	1090.239258	3
654	8451	8430	8469	8451	0.6135	3292.7418	3292.7418	213400	1098.921143	3
655	6758	6729	6859	6758	0.4906	3302.7153	3302.7153	3.2155900E+07	1102.246216	3
656	10403	10221	10947	10403	0.7552	3316.5696	3316.5696	4.8089560E+07	1107.204956	3
657	10254	10254	10254	10254	0.7444	3316.60735	3316.60735	1.8540000E+06	1107.212524	3
658	8242	8221	8274	8242	0.5983	3322.57425	3322.57425	1.4145000E+06	1109.202515	3
659	8436	8418	8460	8436	0.6124	3337.6689	3337.6689	328300	1113.897461	3
660	7947	7914	7961	7947	0.5769	3354.692	3354.692	611400	1119.90625	3
661	9097	9073	9117	9097	0.6604	3362.7111	3362.7111	225450	1122.579224	3
662	9737	9725	9746	9737	0.7069	3399.7746	3399.7746	54310	1134.600952	3
663	9837	9798	10017	9837	0.7141	3402.7408	3402.7408	1.2317800E+06	1135.922974	3
664	6102	6090	6108	6102	0.4430	3405.68215	3405.68215	215700	1136.904053	3
665	7278	7269	7286	7278	0.5283	3425.587	3425.587	123300	1143.537476	3
666	8588	8565	8620	8588	0.6234	3451.7333	3451.7333	413360	1151.919434	3
667	8808	8787	8808	8808	0.6394	3456.5534	3456.5534	58910	1153.855591	3
668	5695	5676	5695	5695	0.4134	3469.6105	3469.6105	1.0340000E+06	1158.211304	3
669	8559	8553	8579	8559	0.6213	3495.6515	3495.6515	86540	1166.893677	3
670	6689	6672	6701	6689	0.4856	3507.7813	3507.7813	1.9270000E+06	1170.601318	3
671	7601	7580	7616	7601	0.5518	3552.6958	3552.6958	796700	1185.90686	3
672	6761	6758	6784	6761	0.4908	3621.74225	3621.74225	1.7950000E+06	1208.589355	3
673	8221	8209	8230	8221	0.5968	3645.87785	3645.87785	610800	1216.634888	3
674	8683	8671	8697	8683	0.6303	3677.772	3677.772	74700	1227.599976	3
675	9587	9587	9601	9587	0.6960	3695.91205	3695.91205	80270	1233.647339	3
676	10475	10457	10493	10475	0.7604	3705.9619	3705.9619	31090	1236.99585	3
677	10679	10652	10759	10679	0.7752	3706.9598	3706.9598	93900	1237.327637	3
678	7304	7281	7321	7304	0.5302	3722.91185	3722.91185	960800	1242.645386	3
679	8080	8037	8180	8080	0.5866	3819.8497	3819.8497	5.3494000E+06	956.4771729	4
680	8080	8050	8083	8080	0.5866	3835.8506	3835.8506	325900	960.7258301	4
681	12050	12050	12071	12050	0.8748	3861.78	3861.78	31980	1288.935913	3
682	11851	11782	13386	11851	0.8603	3862.0209	3862.0209	4.4700990E+07	1289.014526	3
683	11363	11324	11420	11363	0.8249	3862.01925	3862.01925	655490	1289.015259	3
684	11571	11556	11604	11571	0.8400	3862.01905	3862.01905	35990	1289.019043	3
685	12369	12333	12501	12369	0.8979	3879.0271	3879.0271	73960	1294.68396	3
686	11839	11803	11875	11839	0.8595	3879.0367	3879.0367	1.4878000E+06	1294.688721	3
687	10206	10163	10218	10206	0.7409	3894.00385	3894.00385	131240	1299.344482	3
688	8547	8535	8568	8547	0.6205	3913.85895	3913.85895	110030	1305.960938	3
689	7491	7462	7637	7491	0.5438	4038.7251	4038.7251	7.1090000E+06	1347.915894	3
690	7468	7468	7468	7468	0.5421	4038.8008	4038.8008	156700	1011.206604	4
691	11061	11028	11061	11061	0.8030	4139.02735	4139.02735	25740	1381.018311	3
692	8481	8439	8837	8481	0.6157	4166.8277	4166.8277	675350	1043.465698	4
693	9443	9410	9469	9443	0.6855	4317.9422	4317.9422	446200	1440.989868	3
694	12910	12895	12910	12910	0.9372	4592.363	4592.363	13740	1532.464966	3
695	12164	12029	12756	12164	0.8830	4592.3623	4592.3623	1.2558180E+07	1532.461548	3
696	11993	11912	12005	11993	0.8706	4777.48365	4777.48365	78830	1594.503906	3
